10
    1    111111111      92.13     2    0.09    1203.03
    2    555555555     254.05     3    0.03    3525.97
    3    111111111     462.58     1    0.09    2116.03
    4    777777777    1242.25     2    0.03    1628.06
    5    111111111    1826.34     8    0.05    3941.82
    6    555555555     140.02     5    0.05    1189.38
    7    666666666    1983.88     5    0.04    2271.04
    8    000000000    1523.26     5    0.18    3842.33
    9    777777777     315.25     8    0.09     351.07
   10    999999999    1375.83     5    0.38    2213.94
