10
    9    000000000    1944.77     2    0.38     166.27
    8    000000000    1526.95     0    0.38     702.09
    2    666666666     838.02     4    0.04     934.01
    4    222222222     340.36     6    0.29    1867.54
    1    000000000    1031.30     7    0.17    2437.94
    5    666666666     665.89     6    0.10    2557.72
    3    444444444    1956.65     8    0.09    2727.72
    7    333333333    1772.37     3    0.09    2859.13
   10    777777777    1419.60     6    0.26    2993.97
    6    555555555     801.60     4    0.02    3586.20
