10
    8    999999999    1874.48     0    0.13     967.38
   10    333333333    1238.32     0    0.00    3964.96
    3    888888888    1353.21     1    0.15     613.73
    9    555555555      78.08     2    0.05      98.95
    4    999999999     464.32     3    0.03    3755.40
    2    333333333     368.73     4    0.26    1978.96
    6    555555555     590.99     4    0.02    3258.87
    7    666666666     644.14     4    0.11    3046.51
    5    888888888    1328.91     5    0.34    3594.32
    1    333333333     885.64     8    0.06    2761.22
